# oST version 5.0 parameters


[image]

width
640

height
480

[narrow_stereo]

camera matrix
531.703959 0.000000 322.787704
0.000000 535.569295 235.673424
0.000000 0.000000 1.000000

distortion
0.052326 -0.121038 -0.001408 0.002011 0.000000

rectification
1.000000 0.000000 0.000000
0.000000 1.000000 0.000000
0.000000 0.000000 1.000000

projection
533.307373 0.000000 324.043490 0.000000
0.000000 538.961487 235.163310 0.000000
0.000000 0.000000 1.000000 0.000000
