kinematics:
  shoulder:
    x: 0
    y: 0
    z: 0.08903963374555252
    roll: -0
    pitch: 0
    yaw: -4.583984707163847e-05
  upper_arm:
    x: 0.0002418298052870333
    y: 0
    z: 0
    roll: 1.570575333045596
    pitch: 0
    yaw: -1.288229737524001e-05
  forearm:
    x: -0.4251721053080756
    y: 0
    z: 0
    roll: 0.000102191146314663
    pitch: 0.0002999518199143431
    yaw: 1.733137486883028e-05
  wrist_1:
    x: -0.3921296318688351
    y: -0.001771618455385125
    z: 0.1109232586022185
    roll: 0.01597021093183363
    pitch: 0.002785427578813284
    yaw: 1.170419998158942e-05
  wrist_2:
    x: -0.0001551492653812781
    y: -0.09495651221581573
    z: -1.50010873763867e-05
    roll: 1.570954305293701
    pitch: 0
    yaw: 6.826232464116751e-05
  wrist_3:
    x: 5.991338925991216e-05
    y: 0.08266157417253385
    z: -4.777943025314336e-05
    roll: 1.570218314273233
    pitch: 3.141592653589793
    yaw: -3.14157395468114
  hash: calib_17100626269271476981