kinematics:
  shoulder:
    x: 0
    y: 0
    z: 0.08932942173388268
    roll: -0
    pitch: 0
    yaw: -3.28383515519969e-05
  upper_arm:
    x: 0.0001661135729728687
    y: 0
    z: 0
    roll: 1.570337930468265
    pitch: 0
    yaw: 0.0001120129518460584
  forearm:
    x: -0.4251525997734246
    y: 0
    z: 0
    roll: 0.001393352666574124
    pitch: 5.473994723067545e-05
    yaw: 4.316969131492967e-05
  wrist_1:
    x: -0.3924776504563631
    y: 0.0004482521112385536
    z: 0.1105375862748237
    roll: 3.137537474991706
    pitch: 3.141077480656621
    yaw: -3.141573596270252
  wrist_2:
    x: -6.312611181300234e-06
    y: -0.09515410895384437
    z: 0.0001273615060095731
    roll: 1.569457851437888
    pitch: 0
    yaw: -2.781127145707196e-05
  wrist_3:
    x: 0.0001066681820277118
    y: 0.08272276152430955
    z: 8.712491842830751e-05
    roll: 1.57184954219303
    pitch: 3.141592653589793
    yaw: 3.141522040198528
  hash: calib_8364354128289042319