# oST version 5.0 parameters


[image]

width
640

height
480

[narrow_stereo]

camera matrix
574.010781 0.000000 311.107606
0.000000 576.941439 256.719014
0.000000 0.000000 1.000000

distortion
-0.073396 0.127099 0.002533 -0.007055 0.000000

rectification
1.000000 0.000000 0.000000
0.000000 1.000000 0.000000
0.000000 0.000000 1.000000

projection
570.844849 0.000000 307.085430 0.000000
0.000000 577.278503 257.622106 0.000000
0.000000 0.000000 1.000000 0.000000
